0.29396,0.020885,0.037604,0.071886,0.14147,0.064986,0.058097,0.12587,0.059671,0.0069758,0.11859
0.33079,0.028917,0.050061,0.072332,0.12332,0.062952,0.056099,0.11417,0.058952,0.0056401,0.096776
0.37541,0.028445,0.055683,0.07266,0.096563,0.067473,0.054926,0.091975,0.071449,0.0059147,0.079498
0.299,0.022142,0.11107,0.07421,0.062086,0.093956,0.060683,0.098694,0.11192,0.0054852,0.060749
0.092343,0.017636,0.22908,0.06449,0.048865,0.12883,0.070291,0.13546,0.17767,0.0028736,0.03247
0.037157,0.0094645,0.16703,0.03292,0.027357,0.1469,0.083374,0.16441,0.3045,0.0019601,0.024932
0.0072845,0.0049985,0.11121,0.013982,0.013626,0.17045,0.081007,0.1467,0.42801,0.0015827,0.021145
0.0045938,0.0051816,0.089765,0.011124,0.0092556,0.16385,0.068394,0.088383,0.53735,0.0018827,0.020214
0.0040337,0.0052317,0.070446,0.008232,0.0059412,0.15606,0.065127,0.076326,0.58854,0.0018362,0.018227
0.003241,0.0053722,0.042114,0.0054459,0.0035676,0.15574,0.056829,0.067614,0.6427,0.0017619,0.015617
0.0029905,0.0053076,0.04012,0.0047128,0.0033582,0.16621,0.039824,0.062089,0.6596,0.0017234,0.014072
0.0022643,0.0044926,0.051329,0.0046706,0.0028601,0.16995,0.028273,0.058046,0.66325,0.0016746,0.013196
0.0019005,0.0037951,0.049334,0.0049735,0.0021949,0.16739,0.024778,0.058125,0.67326,0.0016888,0.012554
0.0016501,0.0038641,0.032543,0.0055132,0.0018809,0.15553,0.019472,0.057348,0.70854,0.0017648,0.01189
0.0015455,0.0046461,0.018906,0.0059582,0.0018732,0.1421,0.012648,0.05686,0.74241,0.0023475,0.010698
0.0010605,0.0046331,0.021737,0.0052379,0.0017709,0.16566,0.0085483,0.057923,0.71892,0.0042023,0.010302
0.00082854,0.0047872,0.022724,0.0044122,0.0016487,0.19007,0.0067964,0.055705,0.69649,0.0056156,0.010917
0.0007297,0.0051806,0.021841,0.0036335,0.0013759,0.20135,0.0048877,0.052235,0.69127,0.0065957,0.010899
0.000731,0.0057386,0.019143,0.0028712,0.00092695,0.19361,0.0030568,0.049093,0.70816,0.0071261,0.0095388
0.0009302,0.0058931,0.014234,0.00277,0.00057864,0.18859,0.0018768,0.049108,0.72104,0.00675,0.0082314
0.001326,0.0053591,0.0099567,0.0039794,0.00058731,0.22042,0.0019586,0.051739,0.68921,0.0060537,0.0094099
0.0018004,0.0047459,0.0071057,0.00492,0.00076024,0.25889,0.0021188,0.0545,0.64862,0.0056311,0.010904
0.0022882,0.0045324,0.0051664,0.0050079,0.0010523,0.28416,0.0020798,0.057903,0.62057,0.0050885,0.012152
0.0028119,0.0046712,0.0039016,0.0040237,0.0014826,0.29792,0.0017882,0.062817,0.60305,0.0045983,0.012936
0.0032872,0.0049625,0.0029676,0.0027796,0.0020031,0.32338,0.0013388,0.066904,0.57465,0.004678,0.013044
0.0034317,0.0056567,0.0020697,0.0029785,0.0021045,0.37223,0.00076721,0.066487,0.52424,0.0065087,0.013525
0.0033057,0.0073125,0.0013677,0.0028812,0.0019931,0.40564,0.0003442,0.066111,0.48913,0.0084631,0.013456
0.0032138,0.009135,0.00088928,0.003071,0.0018792,0.4225,0.00030102,0.055323,0.47934,0.0099214,0.014429
0.0030828,0.011009,0.0004168,0.0023442,0.0018525,0.42647,0.00019639,0.043606,0.485,0.011541,0.014486
0.0028345,0.012879,4.6352e-05,0.0010166,0.0018458,0.42072,7.7517e-05,0.031916,0.50101,0.013472,0.014175
0.0018784,0.0148,6.4182e-05,0.00081087,0.0018624,0.42543,4.3461e-05,0.021095,0.5047,0.013799,0.015521
0.001038,0.01546,4.9966e-05,9.4199e-05,0.0017388,0.44629,6.8665e-06,0.012678,0.49429,0.013655,0.0147
0.2738,0.022004,0.042423,0.069995,0.17759,0.062475,0.055652,0.1199,0.057096,0.0061967,0.11287
0.29699,0.028032,0.053821,0.072323,0.16823,0.061156,0.054137,0.10197,0.058345,0.0059616,0.099036
0.33135,0.025405,0.06905,0.076464,0.12494,0.072807,0.052394,0.083182,0.071907,0.0066895,0.085811
0.28916,0.020496,0.12472,0.080893,0.072511,0.099224,0.053585,0.081246,0.10264,0.0065019,0.06903
0.1185,0.017208,0.24321,0.067465,0.054555,0.12955,0.058277,0.10794,0.15828,0.0039027,0.041114
0.044332,0.011603,0.23866,0.042685,0.034311,0.15419,0.062831,0.12128,0.25837,0.0024855,0.029259
0.012351,0.0067399,0.18332,0.022908,0.020673,0.18947,0.056214,0.10162,0.37915,0.002013,0.025541
0.005589,0.0050192,0.14994,0.014059,0.013398,0.20238,0.051408,0.083772,0.44937,0.002067,0.022994
0.0048336,0.0048956,0.13087,0.010495,0.0096351,0.19184,0.050875,0.07432,0.49855,0.0020557,0.021636
0.0037732,0.0049854,0.10063,0.0077737,0.0068978,0.18674,0.045392,0.066633,0.55652,0.0019743,0.018682
0.0028689,0.0056135,0.059398,0.00542,0.0043309,0.19874,0.028227,0.056769,0.62347,0.0016608,0.013504
0.0023476,0.0045782,0.073381,0.0051384,0.0031587,0.20306,0.025388,0.057797,0.61118,0.0015578,0.01241
0.001941,0.0038706,0.070352,0.0054306,0.0024147,0.20201,0.022148,0.058875,0.61918,0.0015306,0.012247
0.0016545,0.0039141,0.052544,0.0059603,0.0020306,0.19136,0.017079,0.058897,0.653,0.0015737,0.011986
0.0014313,0.0046906,0.026979,0.0063303,0.0020048,0.16925,0.011095,0.058285,0.70712,0.0019038,0.010914
0.0010707,0.0047444,0.021301,0.0055162,0.0020143,0.19056,0.0090239,0.057977,0.69308,0.00341,0.011303
0.00082864,0.0048648,0.022366,0.0046199,0.0018868,0.21779,0.0071525,0.055406,0.66802,0.0048528,0.012215
0.00072175,0.0052301,0.021565,0.0037846,0.0016111,0.23153,0.0051361,0.051597,0.66049,0.0058684,0.012464
0.00071685,0.0057649,0.018955,0.0029778,0.0011613,0.226,0.0032059,0.04812,0.6753,0.0064394,0.011353
0.0008194,0.0062676,0.014592,0.0024973,0.00056724,0.20391,0.0018526,0.046444,0.70754,0.0067156,0.0087856
0.0012594,0.0055749,0.010253,0.0038997,0.0005753,0.24112,0.001985,0.049075,0.67002,0.0061881,0.010053
0.0017523,0.0049042,0.0073097,0.0050261,0.00073172,0.2806,0.0021277,0.052035,0.62827,0.005695,0.011553
0.0022554,0.0046406,0.0052952,0.0052866,0.0010079,0.30657,0.0020786,0.055574,0.59939,0.0050878,0.012814
0.0027915,0.004736,0.0039711,0.004465,0.0014227,0.32076,0.0017836,0.060566,0.58135,0.0045374,0.013619
0.0033696,0.0051325,0.0031072,0.0024765,0.0019854,0.32719,0.0012081,0.067445,0.57008,0.0042297,0.013782
0.0034812,0.0058628,0.0022025,0.0027642,0.0020848,0.37628,0.00071833,0.066925,0.51919,0.0061117,0.014379
0.0033518,0.0075109,0.001512,0.0028468,0.0019555,0.41066,0.00035547,0.065621,0.48361,0.0080504,0.014534
0.0032265,0.0093026,0.0010146,0.0031539,0.0018289,0.43033,0.00032215,0.05475,0.47096,0.0095117,0.015598
0.0030667,0.011155,0.00051709,0.0024895,0.001794,0.43675,0.00021497,0.043132,0.47409,0.011133,0.015662
0.0027956,0.013008,0.00012033,0.0012056,0.0017823,0.43307,9.1715e-05,0.031506,0.48803,0.01306,0.015334
0.0019531,0.01487,5.575e-05,0.00066842,0.0017795,0.43597,3.9365e-05,0.020715,0.49384,0.013885,0.016224
0.0011111,0.015519,4.5553e-05,9.1906e-05,0.0016626,0.45642,6.8245e-06,0.012375,0.48364,0.013756,0.015377
0.21793,0.020906,0.045843,0.066443,0.26267,0.057214,0.053031,0.10249,0.054457,0.0058792,0.11314
0.23292,0.023537,0.056909,0.068552,0.24756,0.05737,0.051825,0.088335,0.059691,0.006683,0.10662
0.25332,0.020977,0.085491,0.077456,0.18883,0.074902,0.049329,0.07315,0.071964,0.0073913,0.097192
0.26744,0.017442,0.136,0.093671,0.097397,0.10415,0.045487,0.05605,0.086257,0.0079987,0.088101
0.13787,0.015194,0.2514,0.07666,0.074569,0.12995,0.045311,0.071021,0.1296,0.0054144,0.063007
0.037433,0.013614,0.38418,0.054018,0.044432,0.15745,0.037476,0.069488,0.15967,0.0026316,0.039612
0.020422,0.0092403,0.32016,0.034018,0.033772,0.17656,0.038866,0.071535,0.24967,0.0022869,0.04347
0.011168,0.0059962,0.26695,0.019982,0.023629,0.21017,0.03732,0.074002,0.31103,0.0023022,0.037448
0.0055998,0.0040449,0.23074,0.014121,0.014808,0.23454,0.036373,0.073229,0.35677,0.0024715,0.027305
0.0042519,0.0042292,0.19454,0.011597,0.011819,0.22468,0.032182,0.064974,0.42579,0.0022913,0.023649
0.0032715,0.0045274,0.15366,0.0093253,0.0087791,0.22904,0.024847,0.059046,0.48614,0.0018593,0.0195
0.0024415,0.0044992,0.11536,0.0062464,0.0040377,0.25505,0.021703,0.059181,0.51734,0.0013488,0.012795
0.0019374,0.003856,0.10389,0.0061389,0.0026209,0.2605,0.01843,0.061295,0.52786,0.001227,0.01225
0.0016055,0.0038457,0.083092,0.0066772,0.0021455,0.25148,0.013607,0.06228,0.56145,0.0012295,0.012584
0.001302,0.004364,0.054336,0.0066277,0.0023137,0.23394,0.0096642,0.061596,0.61166,0.001659,0.012532
0.001054,0.0048332,0.023406,0.0058379,0.0024269,0.23549,0.0095981,0.058173,0.64358,0.0023006,0.013297
0.00081147,0.0049533,0.021982,0.0048797,0.0022654,0.26462,0.0076562,0.054795,0.61982,0.0036906,0.014519
0.00069775,0.0052871,0.021283,0.0039719,0.0019859,0.28192,0.0054671,0.050372,0.60907,0.0047622,0.015184
0.00068734,0.0057947,0.018787,0.0031073,0.001535,0.27955,0.0033809,0.046321,0.62099,0.005396,0.014451
0.00079435,0.0063251,0.014619,0.0027045,0.00088332,0.25957,0.0020881,0.044096,0.6507,0.0060032,0.01221
0.0011583,0.0058518,0.010611,0.0038937,0.0005458,0.27509,0.0020178,0.045049,0.63836,0.0063745,0.011044
0.0016773,0.0051027,0.0075522,0.0052985,0.00067742,0.31571,0.0021391,0.048249,0.59526,0.0057697,0.012565
0.002202,0.0047701,0.0054428,0.0058172,0.00092982,0.34243,0.0020786,0.05195,0.56546,0.0050615,0.013854
0.002756,0.0048048,0.0040432,0.0052384,0.0013214,0.35704,0.001781,0.05703,0.54688,0.0044178,0.014695
0.0033587,0.0051704,0.003131,0.0033673,0.0018712,0.36176,0.0011947,0.06424,0.53702,0.0039746,0.014917
0.0035574,0.0061747,0.002407,0.0024593,0.0020565,0.38319,0.00065035,0.067555,0.51072,0.005507,0.015719
0.0034063,0.0078014,0.0017422,0.0029203,0.0018902,0.42006,0.00039424,0.064545,0.47348,0.0073947,0.01636
0.0032302,0.0095549,0.0012059,0.0033392,0.0017475,0.4439,0.00035807,0.053867,0.45648,0.0088634,0.017453
0.0030295,0.011376,0.00066753,0.0027564,0.0017019,0.45386,0.0002452,0.042383,0.45599,0.010484,0.017509
0.002726,0.013204,0.00022857,0.0015279,0.0016844,0.45318,0.00011382,0.030839,0.46695,0.012403,0.017141
0.0020648,0.015,4.3783e-05,0.00046947,0.0016527,0.45192,3.3407e-05,0.020033,0.47738,0.014027,0.017375
0.001225,0.015609,3.9233e-05,8.9214e-05,0.0015477,0.47189,6.6663e-06,0.011826,0.46741,0.013911,0.016448
0.12047,0.014593,0.04331,0.052127,0.4137,0.045316,0.051298,0.086345,0.050605,0.0051959,0.11704
0.12491,0.014968,0.053727,0.054133,0.39549,0.047101,0.049934,0.077634,0.059956,0.0063352,0.1158
0.12952,0.013948,0.08251,0.062068,0.34559,0.059442,0.047469,0.066422,0.072634,0.0073368,0.11306
0.13414,0.011919,0.14477,0.080457,0.24374,0.088486,0.043854,0.051776,0.084921,0.0076174,0.10832
0.1408,0.011758,0.21548,0.089678,0.13786,0.10879,0.03903,0.044992,0.092391,0.0075493,0.11167
0.078797,0.011091,0.31818,0.061045,0.10994,0.11885,0.035438,0.054902,0.10752,0.0049528,0.09928
0.032068,0.0095668,0.4242,0.03754,0.064383,0.13124,0.032793,0.062201,0.1219,0.0028246,0.081274
0.015643,0.0066625,0.40295,0.024469,0.041086,0.16076,0.032434,0.067183,0.17983,0.0024583,0.06653
0.0082986,0.0043241,0.3548,0.018273,0.029713,0.20534,0.029659,0.067248,0.22887,0.0025567,0.050915
0.0045926,0.0028981,0.32422,0.017756,0.019227,0.25576,0.024573,0.064381,0.25028,0.0026093,0.033701
0.0038104,0.0031624,0.26744,0.015434,0.016325,0.25506,0.023151,0.0626,0.31867,0.0019637,0.032383
0.0029377,0.0033549,0.21211,0.012059,0.011591,0.27996,0.019872,0.063311,0.36714,0.0013595,0.02631
0.001965,0.003435,0.1576,0.0082694,0.0046368,0.33282,0.014476,0.066339,0.39313,0.00081087,0.016523
0.0014123,0.0033974,0.12414,0.0074701,0.0023922,0.34003,0.01014,0.068041,0.42795,0.00073204,0.014291
0.0011515,0.0040435,0.087269,0.0068112,0.0032868,0.32526,0.0092086,0.064167,0.48055,0.0012556,0.016996
0.00094439,0.0046328,0.053082,0.0058524,0.0034401,0.32219,0.0090043,0.0591,0.52104,0.0018845,0.018831
0.00075893,0.0050211,0.023299,0.0051075,0.0028428,0.33762,0.0081741,0.053565,0.54292,0.0021842,0.018504
0.00064516,0.0053357,0.021161,0.004148,0.0025287,0.3592,0.0058122,0.048108,0.53023,0.0032648,0.019568
0.00063391,0.0058199,0.018783,0.0032225,0.0020764,0.36065,0.0035084,0.043187,0.53879,0.003985,0.019338
0.00079105,0.0063775,0.014726,0.0030643,0.0013535,0.34588,0.0024032,0.041163,0.56153,0.0049434,0.017766
0.0011161,0.0060435,0.010878,0.0042749,0.00070158,0.34227,0.0021363,0.041414,0.57071,0.0060576,0.014399
0.0015703,0.0052902,0.0077567,0.0058908,0.00058195,0.36734,0.0021533,0.043015,0.54659,0.005823,0.01399
0.0021217,0.0048771,0.0055542,0.0067494,0.00080284,0.39451,0.0020838,0.046857,0.51615,0.0049735,0.015329
0.0026978,0.0048422,0.004076,0.0064899,0.0011644,0.40942,0.001787,0.051989,0.49711,0.0041961,0.016235
0.0033183,0.0051535,0.0030964,0.0049172,0.0016873,0.41481,0.0012061,0.059157,0.4865,0.0036124,0.016547
0.0036353,0.0065321,0.0026389,0.0024276,0.0019875,0.40051,0.00059176,0.067406,0.49196,0.0047919,0.017517
0.0034424,0.0081856,0.0020601,0.0031675,0.0017875,0.43654,0.00045798,0.063103,0.45576,0.0064609,0.019032
0.0032046,0.0098922,0.0014646,0.0037054,0.0016279,0.46559,0.00041363,0.052641,0.43341,0.0079331,0.020117
0.0029542,0.011676,0.00086588,0.0032072,0.0015719,0.48,0.00028954,0.041303,0.42846,0.0095477,0.020123
0.0026116,0.013473,0.00036546,0.0020326,0.0015495,0.48311,0.00014425,0.029843,0.43575,0.011453,0.019668
0.0021012,0.015225,6.0339e-05,0.00052429,0.0014942,0.47808,3.3641e-05,0.018978,0.45037,0.013788,0.019342
0.0013841,0.015729,3.1447e-05,8.7146e-05,0.0013948,0.4931,6.2659e-06,0.010907,0.44526,0.014124,0.017981
0.024693,0.0072796,0.024418,0.019752,0.63021,0.019001,0.054609,0.074506,0.03336,0.002775,0.1094
0.031414,0.0079113,0.032589,0.021841,0.59867,0.022719,0.053373,0.072754,0.043289,0.0038189,0.11162
0.038671,0.0089408,0.04363,0.023922,0.55642,0.028019,0.05168,0.071182,0.056273,0.0051423,0.11612
0.049785,0.010884,0.073917,0.031051,0.48237,0.038977,0.048207,0.068725,0.065668,0.006199,0.12422
0.064921,0.010982,0.14732,0.04667,0.35701,0.058036,0.041435,0.063493,0.066056,0.006267,0.1378
0.068316,0.0092407,0.233,0.058621,0.23254,0.075049,0.032569,0.060105,0.06534,0.0058948,0.15932
0.035034,0.0077376,0.3365,0.04027,0.16856,0.092343,0.030148,0.063755,0.082603,0.0039585,0.13909
0.014167,0.0059777,0.43817,0.024224,0.097744,0.10981,0.029567,0.064484,0.10128,0.0025603,0.11201
0.0088509,0.004539,0.45627,0.020415,0.050007,0.1419,0.028589,0.062429,0.13079,0.0024239,0.093789
0.0063451,0.0034547,0.40651,0.021218,0.039568,0.19474,0.025906,0.062232,0.15815,0.0024843,0.079404
0.0045764,0.0022718,0.37462,0.022148,0.029772,0.25304,0.02249,0.065191,0.16497,0.0019456,0.058978
0.0035497,0.0022033,0.31677,0.019515,0.02346,0.29158,0.018647,0.068112,0.20799,0.0011755,0.046994
0.0025612,0.0024614,0.24751,0.015005,0.015951,0.34228,0.013752,0.070194,0.25264,0.00061931,0.037029
0.00152,0.0029335,0.17931,0.010058,0.0075942,0.41087,0.0094664,0.070298,0.2809,0.00026654,0.026777
0.00099638,0.0039229,0.1243,0.0068385,0.0049843,0.43535,0.008693,0.065508,0.32351,0.0007079,0.025189
0.00082684,0.0045989,0.088031,0.0056584,0.0049364,0.42443,0.0082415,0.059173,0.37483,0.0014115,0.027864
0.00067453,0.0050674,0.056081,0.004721,0.0042045,0.43251,0.0072307,0.052513,0.40691,0.0017806,0.028302
0.00055785,0.005383,0.025065,0.0041647,0.0033196,0.46731,0.0058979,0.044384,0.41557,0.0015827,0.026762
0.00056017,0.0058643,0.019054,0.0033242,0.0027897,0.47706,0.0035664,0.038216,0.42052,0.0022766,0.026766
0.00086594,0.0064189,0.014822,0.0038001,0.0019016,0.46394,0.0027543,0.039402,0.43721,0.0037014,0.025188
0.0012285,0.0063055,0.01101,0.0050688,0.0011635,0.45025,0.0023439,0.040128,0.45608,0.004848,0.021574
0.0015222,0.0055493,0.0078584,0.0068747,0.00059199,0.44586,0.0021869,0.038182,0.46849,0.0054638,0.017419
0.0020046,0.0048991,0.0055562,0.0082878,0.00060714,0.46578,0.0021028,0.040093,0.44859,0.0047678,0.017307
0.0026068,0.0047996,0.0040103,0.0084212,0.00093322,0.48108,0.001812,0.045172,0.42904,0.0037997,0.018332
0.0032326,0.0050851,0.0029976,0.0072053,0.0014055,0.48584,0.0012494,0.052153,0.41887,0.003173,0.018784
0.0035519,0.0064711,0.0025818,0.0047534,0.0016736,0.46797,0.00066912,0.060493,0.4282,0.00457,0.019058
0.0034247,0.0086538,0.0024657,0.0037225,0.001636,0.46367,0.00055544,0.0613,0.42666,0.0052043,0.022711
0.0031214,0.010309,0.0017857,0.0043568,0.0014633,0.49855,0.00049367,0.051033,0.39851,0.0066705,0.023708
0.0028181,0.012051,0.0011026,0.0039212,0.0014005,0.51797,0.00034963,0.03982,0.38871,0.0082695,0.023587
0.0024341,0.013815,0.00051785,0.0027786,0.0013772,0.52537,0.00018204,0.028419,0.39199,0.01015,0.022971
0.0018925,0.015541,0.00012839,0.0012746,0.0013261,0.52397,4.6993e-05,0.017554,0.40336,0.012454,0.022452
0.001592,0.015871,2.2988e-05,8.7224e-05,0.0012089,0.52038,5.4512e-06,0.0094576,0.41694,0.014397,0.020042
0.0096512,0.0083036,0.010662,0.010026,0.7031,0.012183,0.055167,0.071129,0.030039,0.0025088,0.087235
0.010332,0.0071938,0.012959,0.0080678,0.69429,0.011982,0.05563,0.07692,0.029296,0.0030272,0.0903
0.012903,0.0095396,0.022869,0.0094785,0.65771,0.01665,0.054175,0.076622,0.036518,0.0037604,0.099774
0.013951,0.012893,0.034709,0.010276,0.6154,0.021933,0.052663,0.076334,0.04419,0.0044443,0.11321
0.013127,0.016212,0.058651,0.011616,0.55957,0.029096,0.050226,0.075452,0.050364,0.0047469,0.13094
0.011556,0.012987,0.15021,0.018983,0.43857,0.046025,0.040534,0.071687,0.051083,0.0039017,0.15447
0.011036,0.0087937,0.24381,0.025966,0.31077,0.066266,0.029837,0.064136,0.053024,0.0033352,0.18303
0.010367,0.0064279,0.32544,0.025087,0.21451,0.087382,0.028025,0.058048,0.066199,0.0031089,0.1754
0.0086291,0.0054016,0.40374,0.02298,0.13044,0.10505,0.028773,0.055826,0.079285,0.0031944,0.15669
0.006912,0.0046499,0.45756,0.023032,0.061068,0.12856,0.027945,0.055174,0.090268,0.0034825,0.14135
0.0050826,0.0035658,0.41945,0.023067,0.050584,0.19273,0.024389,0.059245,0.10137,0.002909,0.11761
0.0041078,0.0022456,0.38726,0.023757,0.040174,0.26558,0.019725,0.065161,0.10301,0.0015941,0.087392
0.0033293,0.0015803,0.33279,0.021911,0.028858,0.33677,0.01459,0.066437,0.12731,0.00057317,0.065849
0.0023819,0.0024499,0.2486,0.015543,0.019636,0.4037,0.011548,0.061517,0.17312,0.00057032,0.060935
0.001404,0.0036733,0.17888,0.0094855,0.011853,0.47994,0.0090435,0.060227,0.19449,0.00063635,0.050364
0.00070303,0.0048313,0.12833,0.0050664,0.0067245,0.53212,0.0071942,0.058499,0.21417,0.0010495,0.041307
0.00057927,0.0053385,0.095368,0.0039081,0.0056524,0.53059,0.0059226,0.051123,0.25777,0.0015592,0.042197
0.00048808,0.0056929,0.063107,0.0031539,0.004506,0.55621,0.0043941,0.042347,0.2775,0.0014939,0.041098
0.0005893,0.0062876,0.027669,0.003596,0.0034601,0.60653,0.0036659,0.036077,0.27333,0.0010559,0.037744
0.0010104,0.0068558,0.014783,0.0046782,0.0024639,0.60112,0.0030262,0.038811,0.2908,0.002126,0.034323
0.0014254,0.0069807,0.011011,0.0059963,0.0016403,0.57357,0.0024974,0.039911,0.32346,0.003374,0.030139
0.0017677,0.00645,0.0078741,0.0078245,0.00098839,0.55623,0.0022302,0.038345,0.34872,0.0041106,0.025463
0.0019847,0.0051886,0.0054133,0.010216,0.00049558,0.55954,0.0021153,0.034209,0.35543,0.0041324,0.021277
0.0024706,0.0046139,0.0037849,0.011305,0.00060244,0.57522,0.0018755,0.036224,0.33966,0.0031279,0.021107
0.0030803,0.0049225,0.0028407,0.010312,0.0010006,0.57546,0.0013427,0.042914,0.33392,0.002858,0.021352
0.0033096,0.0061911,0.002651,0.0081172,0.0012413,0.55355,0.0010328,0.049011,0.34924,0.0041336,0.021518
0.0032074,0.0083002,0.002578,0.0063997,0.0013006,0.53807,0.00087688,0.051434,0.3585,0.0046744,0.024652
0.0029462,0.010797,0.0021544,0.005413,0.0012481,0.54659,0.00060139,0.048983,0.34793,0.0050134,0.028329
0.0025944,0.012498,0.0013584,0.0049871,0.001187,0.57111,0.00042493,0.037828,0.33347,0.0065819,0.027962
0.0021728,0.01423,0.0006627,0.0038289,0.0011703,0.58289,0.00022359,0.026426,0.3329,0.0084244,0.027073
0.0016037,0.015932,0.0001639,0.0022851,0.0011308,0.58523,5.34e-05,0.015506,0.34116,0.010683,0.026258
0.0015195,0.015943,2.6521e-05,0.00086184,0.0010347,0.57533,9.6629e-06,0.0077096,0.36169,0.012978,0.022897
0.0064216,0.012871,0.010168,0.0063172,0.73419,0.016185,0.054468,0.05947,0.033773,0.001999,0.064134
0.0061849,0.010051,0.0094461,0.0048834,0.72784,0.015698,0.055682,0.067917,0.029066,0.0026752,0.070556
0.0058225,0.0057551,0.0083942,0.0030123,0.71826,0.015562,0.057448,0.079428,0.022231,0.003794,0.080288
0.0048542,0.0097897,0.017813,0.0035853,0.67971,0.021523,0.056151,0.07899,0.026993,0.0044469,0.096145
0.0037107,0.015195,0.028904,0.0044428,0.63064,0.03037,0.05449,0.077682,0.032815,0.0050678,0.11669
0.0025285,0.021476,0.040484,0.0054439,0.57223,0.042386,0.052776,0.076089,0.038953,0.0056437,0.14199
0.004991,0.016213,0.12226,0.012268,0.45315,0.062466,0.043355,0.066319,0.041734,0.0051415,0.1721
0.0070904,0.0099542,0.19553,0.017036,0.34335,0.083439,0.034317,0.054278,0.042981,0.0042714,0.20775
0.0071344,0.0060766,0.26661,0.017969,0.251,0.10278,0.030149,0.047355,0.04713,0.0038096,0.21998
0.0059821,0.0062082,0.34839,0.018572,0.16294,0.11583,0.029509,0.04728,0.05587,0.0043519,0.20506
0.0049531,0.0056076,0.43386,0.020936,0.077391,0.12967,0.02827,0.044772,0.062094,0.0051226,0.18732
0.0046454,0.0039507,0.40176,0.021529,0.061304,0.20516,0.023005,0.048169,0.067603,0.0036134,0.15927
0.0044302,0.0023372,0.36211,0.021729,0.04617,0.2911,0.01707,0.048582,0.071987,0.0019404,0.13255
0.003315,0.0016838,0.31677,0.020844,0.030758,0.37978,0.012302,0.046968,0.081798,0.00088531,0.1049
0.0022977,0.0030113,0.24548,0.014372,0.022302,0.45253,0.0093517,0.046898,0.10972,0.00090046,0.09314
0.001315,0.004483,0.18736,0.0081494,0.014358,0.53427,0.0066548,0.048589,0.11604,0.0011641,0.077615
0.00046426,0.0058973,0.14264,0.0024596,0.0067593,0.61824,0.0040721,0.05019,0.10677,0.0017776,0.060721
0.00042626,0.0064586,0.10868,0.0018815,0.0052501,0.63003,0.0025726,0.042516,0.14161,0.0018277,0.058749
0.0006781,0.0078453,0.068557,0.0034242,0.0039733,0.65297,0.0028209,0.040933,0.16525,0.001407,0.052137
0.0011757,0.0082172,0.029112,0.005226,0.0029505,0.70264,0.0028913,0.040621,0.16038,0.0010675,0.045719
0.0017528,0.0082755,0.010766,0.007016,0.002089,0.70465,0.0025823,0.041443,0.18006,0.0016912,0.039673
0.0021608,0.0079968,0.0076237,0.0088786,0.0013582,0.67212,0.0022276,0.040032,0.22075,0.0025991,0.034249
0.0024404,0.0069774,0.0051415,0.011294,0.00079058,0.66126,0.0020313,0.036058,0.24186,0.0027889,0.029366
0.0025398,0.0051286,0.0033819,0.01431,0.00037841,0.68107,0.0019018,0.029641,0.23371,0.0020704,0.025863
0.0028908,0.004462,0.0026009,0.014356,0.00050957,0.68587,0.0015026,0.031113,0.23044,0.0024892,0.023762
0.0029289,0.0055837,0.0027524,0.011669,0.00079352,0.65187,0.0015693,0.035854,0.25975,0.0037573,0.023473
0.0028611,0.0074641,0.0026259,0.0095365,0.00092927,0.62956,0.0013373,0.039099,0.27665,0.004414,0.025526
0.0026416,0.010138,0.0022581,0.0077997,0.00095973,0.62519,0.0009229,0.039919,0.27616,0.0043899,0.029624
0.0022551,0.013014,0.0016008,0.0064901,0.00093465,0.64318,0.00051074,0.03517,0.25917,0.0044013,0.033264
0.0018068,0.01472,0.00076431,0.0052398,0.00093658,0.65896,0.000261,0.023669,0.2555,0.0061875,0.031956
0.0012198,0.016401,0.00012852,0.0035883,0.00091905,0.66471,4.2361e-05,0.012605,0.26129,0.0083845,0.030711
0.0013058,0.016006,1.4589e-05,0.0020845,0.0008629,0.64985,1.6995e-05,0.0054654,0.28747,0.010607,0.026316
0.0038232,0.023086,0.011072,0.0043171,0.74701,0.01817,0.051287,0.058992,0.034096,0.0020215,0.046123
0.0036158,0.02002,0.010473,0.0037816,0.74025,0.019324,0.052399,0.063917,0.030386,0.0029297,0.052906
0.003289,0.015377,0.0096806,0.0031305,0.7297,0.021445,0.054151,0.07055,0.025066,0.0043542,0.063254
0.002822,0.0091046,0.0088488,0.0025464,0.71479,0.025014,0.056676,0.07795,0.018473,0.0063683,0.077403
0.002156,0.010832,0.01515,0.0030654,0.67273,0.033987,0.056658,0.079033,0.020816,0.0073688,0.098202
0.0015344,0.017053,0.024699,0.0040427,0.61213,0.047149,0.055468,0.077351,0.028035,0.0078336,0.1247
0.0014678,0.024278,0.035112,0.0050499,0.54287,0.061165,0.053312,0.075644,0.037077,0.0080777,0.15594
0.0034168,0.020575,0.089228,0.0079188,0.45008,0.077734,0.044834,0.066223,0.038172,0.0068856,0.19493
0.0054188,0.015538,0.13995,0.009367,0.35972,0.09477,0.035991,0.055783,0.035194,0.0053029,0.24296
0.0064856,0.012545,0.19287,0.0097871,0.27361,0.11125,0.029834,0.048589,0.033164,0.0042625,0.27761
0.0066255,0.0096869,0.28284,0.014148,0.18185,0.12804,0.027147,0.04277,0.037335,0.0045,0.26507
0.0071447,0.0057747,0.37478,0.016927,0.1031,0.14329,0.023657,0.033939,0.037927,0.0044772,0.24898
0.0069014,0.0034548,0.37826,0.017512,0.071345,0.20728,0.018257,0.031925,0.041964,0.0032303,0.21987
0.0055006,0.0025284,0.34315,0.017795,0.053796,0.30038,0.012998,0.031939,0.04628,0.0018873,0.18374
0.0032854,0.0024468,0.30697,0.018307,0.033917,0.4033,0.0086965,0.030527,0.046693,0.00095221,0.1449
0.0021201,0.0039193,0.25024,0.012483,0.024361,0.48578,0.0056779,0.033297,0.055312,0.0010814,0.12573
0.0012437,0.0054957,0.20023,0.0066178,0.015788,0.57262,0.0028494,0.037757,0.050305,0.0015971,0.10549
0.00054302,0.0087471,0.15447,0.0026282,0.0068425,0.64578,0.0019111,0.045621,0.053029,0.0019983,0.078426
0.00061272,0.010495,0.11123,0.0031355,0.0043194,0.6724,0.0020622,0.04456,0.082205,0.001681,0.067292
0.0010984,0.01101,0.069025,0.0048279,0.0032393,0.71154,0.0022178,0.042798,0.092811,0.0012923,0.060142
0.0018982,0.010865,0.030199,0.0072011,0.0023745,0.76385,0.0022787,0.043071,0.085444,0.00094163,0.051878
0.00277,0.010449,0.0069572,0.0099936,0.0016552,0.78313,0.0021811,0.043811,0.094876,0.0010537,0.043122
0.0031232,0.0096702,0.0044664,0.012434,0.0010192,0.75552,0.0019306,0.039813,0.13326,0.0014699,0.037291
0.0032918,0.0080521,0.0026871,0.015462,0.00054123,0.75954,0.0017492,0.033412,0.1414,0.00097155,0.032899
0.0026279,0.0050113,0.0027711,0.01639,0.0002926,0.77122,0.002125,0.023584,0.14605,0.002205,0.027732
0.0024007,0.0045016,0.0028584,0.015116,0.00036899,0.75927,0.0022596,0.021999,0.1634,0.0035702,0.02426
0.0023888,0.0061458,0.0026614,0.012611,0.00057209,0.72824,0.0019052,0.026293,0.18953,0.0043539,0.025292
0.0022239,0.0085955,0.0022298,0.010529,0.00066426,0.71537,0.0013757,0.028147,0.19796,0.0044563,0.028441
0.001863,0.011884,0.0015972,0.008721,0.0006859,0.72655,0.00078006,0.026686,0.18399,0.0038111,0.03343
0.0013188,0.015287,0.00077111,0.0070468,0.00069029,0.75703,0.00028003,0.019875,0.15683,0.0033317,0.037534
0.0008868,0.01658,7.31e-05,0.0052556,0.00070944,0.75996,4.3952e-05,0.0090656,0.16693,0.0053893,0.035099
0.00096318,0.015502,1.1704e-05,0.0032103,0.00078529,0.73834,2.7073e-05,0.004833,0.19891,0.0073742,0.030046
0.0030031,0.033405,0.0078277,0.0017266,0.76455,0.013823,0.045268,0.068443,0.03352,0.00052561,0.027908
0.0029658,0.030267,0.0075861,0.0018518,0.75671,0.015699,0.046677,0.070464,0.031567,0.00153,0.034682
0.0029344,0.025533,0.0073353,0.0020877,0.74462,0.018584,0.048838,0.073162,0.028967,0.0030685,0.044872
0.0029436,0.019194,0.0072096,0.0025011,0.72782,0.02253,0.051788,0.076112,0.026147,0.0051765,0.058582
0.0030478,0.011363,0.0073796,0.0031889,0.70579,0.027501,0.055504,0.078704,0.023732,0.0078698,0.075917
0.0030948,0.01073,0.012556,0.0040808,0.66202,0.036118,0.05607,0.078948,0.026766,0.0093568,0.10026
0.0028713,0.018366,0.022834,0.0047834,0.59688,0.048657,0.052578,0.077741,0.034477,0.009191,0.13162
0.0024073,0.026007,0.034019,0.0052686,0.5226,0.063588,0.047742,0.075219,0.042591,0.0085333,0.17203
0.0038353,0.024436,0.065585,0.0064744,0.43345,0.081794,0.039945,0.066328,0.040648,0.0069131,0.2306
0.0063889,0.019565,0.097558,0.0080821,0.34229,0.10179,0.031357,0.0565,0.031634,0.005191,0.29964
0.0088517,0.015118,0.12605,0.009797,0.25543,0.12296,0.023186,0.047602,0.021341,0.0037463,0.36592
0.0090426,0.010037,0.22488,0.012047,0.18156,0.1366,0.020041,0.037488,0.022174,0.0036461,0.34249
0.0095792,0.0051829,0.33148,0.012769,0.12074,0.14343,0.016297,0.026025,0.02047,0.0032726,0.31076
0.0091389,0.0025957,0.37817,0.012608,0.085275,0.18708,0.011731,0.019901,0.020905,0.0023604,0.27024
0.0067274,0.0025877,0.34359,0.013079,0.064654,0.29001,0.0073534,0.019919,0.022606,0.0013553,0.22813
0.0037777,0.0035693,0.29933,0.014812,0.040458,0.40692,0.0042634,0.020293,0.021455,0.00073913,0.18439
0.002288,0.006374,0.24817,0.012372,0.023777,0.50075,0.0029068,0.026582,0.026253,0.00096219,0.14957
0.0015753,0.0098353,0.19734,0.0078884,0.014091,0.575,0.0023147,0.035045,0.03338,0.001366,0.12217
0.00081017,0.013181,0.15108,0.0043112,0.0066204,0.64784,0.0017256,0.041568,0.037134,0.0016128,0.094112
0.00075836,0.014814,0.10646,0.003819,0.003321,0.70347,0.0015473,0.04211,0.045421,0.0014571,0.076815
0.0015416,0.014703,0.064667,0.0059982,0.0024189,0.75107,0.0016527,0.040888,0.047703,0.0010762,0.068287
0.0027022,0.014216,0.028656,0.0092503,0.001704,0.79907,0.0017466,0.042481,0.042138,0.00069424,0.057341
0.0041161,0.013545,0.0032288,0.013571,0.0011384,0.8287,0.0018443,0.045986,0.043386,0.00037452,0.044111
0.0035153,0.010322,0.0026928,0.015214,0.00069161,0.81286,0.002005,0.036232,0.076025,0.00085459,0.039592
0.0025813,0.0067903,0.002955,0.015776,0.00043567,0.81406,0.0024237,0.025488,0.092757,0.0019866,0.034749
0.0020128,0.0045971,0.0029438,0.016166,0.00025919,0.82746,0.0026992,0.01677,0.095494,0.0033612,0.028232
0.0017826,0.0041841,0.0026662,0.015427,0.00025097,0.82903,0.0025575,0.013897,0.10212,0.0046162,0.023475
0.001694,0.0064109,0.0021547,0.013059,0.00039272,0.80596,0.001867,0.016986,0.12085,0.0048513,0.025776
0.0014065,0.0094857,0.0014498,0.010981,0.00046056,0.80726,0.0011209,0.016731,0.1168,0.0043385,0.029966
0.00087935,0.013441,0.00058256,0.0090539,0.00049249,0.83849,0.00042131,0.012304,0.085538,0.003014,0.035782
0.00051664,0.016623,1.0397e-05,0.0070447,0.00051685,0.86657,5.6221e-05,0.0055289,0.061766,0.0018499,0.039516
0.00062487,0.01539,8.8758e-06,0.0042352,0.00062404,0.82398,3.7822e-05,0.0041406,0.11316,0.0042936,0.033505
0.0035483,0.034481,0.0014506,0.002774,0.7888,0.010599,0.042818,0.065519,0.030271,6.9843e-05,0.019672
0.0036464,0.035355,0.0014615,0.0019103,0.78149,0.011556,0.044187,0.073065,0.028374,8.1173e-05,0.018871
0.0037852,0.034387,0.0017799,0.0012712,0.76943,0.01341,0.046364,0.080146,0.026625,0.00064359,0.022159
0.0040027,0.028014,0.0027679,0.0021706,0.75013,0.016835,0.049117,0.079946,0.027049,0.0026985,0.037267
0.0043134,0.020601,0.0040057,0.0033822,0.72462,0.021029,0.052184,0.07969,0.028072,0.0052591,0.056845
0.0047238,0.012632,0.0054685,0.0049489,0.69214,0.025897,0.055386,0.079382,0.029965,0.0082871,0.081171
0.0047809,0.0097929,0.010162,0.0062461,0.64282,0.034257,0.055543,0.078061,0.034047,0.01017,0.11412
0.0040441,0.016253,0.020538,0.0063647,0.56842,0.049814,0.049289,0.073985,0.040383,0.0091577,0.16175
0.0033691,0.022284,0.030665,0.0062801,0.48484,0.068137,0.041766,0.068306,0.046294,0.0078599,0.2202
0.0046153,0.022344,0.047741,0.0070279,0.39595,0.088942,0.033472,0.060819,0.042554,0.006403,0.29013
0.0074526,0.017774,0.064107,0.0085722,0.31075,0.11176,0.024747,0.052879,0.029754,0.0049453,0.36726
0.010286,0.013008,0.070272,0.0099565,0.23022,0.13713,0.015012,0.044633,0.015764,0.0033771,0.45035
0.010755,0.0075491,0.17374,0.010222,0.17324,0.14323,0.011173,0.032605,0.012877,0.0028036,0.42181
0.011137,0.0033787,0.29079,0.0089121,0.12897,0.14264,0.0088321,0.020415,0.010571,0.0020779,0.37227
0.010602,0.001911,0.36953,0.0078113,0.097812,0.16795,0.0050554,0.012407,0.0090311,0.0011855,0.3167
0.0081846,0.0039465,0.32045,0.010581,0.068717,0.28578,0.0038811,0.015167,0.011949,0.00089258,0.27045
0.0052355,0.0073455,0.27811,0.012959,0.039499,0.40275,0.0033239,0.018093,0.014328,0.00078683,0.21757
0.002595,0.01117,0.23666,0.012293,0.019221,0.5035,0.0026841,0.022535,0.017645,0.00089039,0.1708
0.0017784,0.014415,0.18675,0.008204,0.011521,0.57916,0.0020284,0.029294,0.022173,0.0011508,0.14353
0.0010169,0.017436,0.13869,0.0048957,0.0056643,0.6583,0.0013812,0.033508,0.02365,0.0012764,0.11418
0.00079327,0.01932,0.092055,0.0035754,0.0022417,0.73346,0.00094915,0.034186,0.023631,0.0011811,0.088602
0.0019379,0.018771,0.053126,0.0065917,0.0015098,0.78064,0.0010636,0.034373,0.023552,0.00078349,0.077648
0.0030273,0.016943,0.02489,0.01074,0.0010256,0.8168,0.0013302,0.036187,0.025402,0.00052175,0.063129
0.003143,0.011603,0.0048949,0.014123,0.00078878,0.84907,0.0021444,0.036529,0.027736,0.00077442,0.049198
0.0022975,0.0079403,0.0031737,0.014905,0.0005309,0.84945,0.0025386,0.026815,0.047879,0.0016964,0.042772
0.0016924,0.005714,0.0030311,0.015265,0.00034294,0.85655,0.0027388,0.017948,0.057439,0.0029188,0.036359
0.00131,0.0041908,0.0026371,0.015494,0.00021326,0.87361,0.0027231,0.011141,0.055841,0.0043531,0.028491
0.0010582,0.0034149,0.0020063,0.015233,0.00015703,0.89023,0.0023435,0.0075423,0.051073,0.0057138,0.021226
0.00086467,0.0062853,0.0012144,0.012954,0.00025753,0.88025,0.0014042,0.0086536,0.058038,0.0053342,0.024744
0.0004275,0.010042,0.00026813,0.010833,0.00032065,0.90058,0.00052416,0.0055554,0.037393,0.0041432,0.029916
0.00033457,0.013237,5.4259e-05,0.0076394,0.00035126,0.90397,0.00021098,0.0043399,0.033253,0.0028536,0.03376
0.00030861,0.015811,6.2514e-06,0.0050784,0.00035603,0.90181,4.8796e-05,0.0034073,0.035198,0.0016021,0.036372
0.0033974,0.02209,0.0010333,0.0071321,0.80842,0.0088484,0.041625,0.049339,0.033124,0.00012659,0.024865
0.0034769,0.023151,0.0010754,0.0059732,0.80279,0.0096863,0.042928,0.055576,0.031277,0.00014565,0.023917
0.0035958,0.024742,0.0011376,0.0041663,0.79451,0.010943,0.044892,0.064924,0.028457,0.00017619,0.022456
0.0037541,0.026837,0.0012187,0.00163,0.78384,0.012611,0.047509,0.077332,0.024608,0.00022077,0.020439
0.0040789,0.022933,0.002106,0.0022352,0.75912,0.015608,0.049627,0.07997,0.025756,0.0021711,0.036399
0.0044831,0.017092,0.0033453,0.0040952,0.72445,0.019425,0.051897,0.079681,0.029062,0.0050106,0.061457
0.0049046,0.011254,0.0047089,0.0063652,0.68152,0.023809,0.0547,0.079372,0.033274,0.0082732,0.091817
0.0050694,0.0080654,0.0077437,0.008415,0.62497,0.03113,0.055853,0.078043,0.038223,0.010887,0.1316
0.0044803,0.0132,0.016684,0.0079996,0.54162,0.049568,0.047425,0.071995,0.042471,0.0095722,0.19498
0.0042316,0.017521,0.024738,0.0073471,0.44758,0.071026,0.037925,0.064575,0.046008,0.008095,0.27096
0.0062247,0.01742,0.032547,0.0072268,0.35378,0.094252,0.028395,0.057007,0.042067,0.0064474,0.35463
0.0094767,0.012099,0.038771,0.0081558,0.2758,0.11761,0.020285,0.048449,0.027541,0.0048703,0.43695
0.012328,0.0065968,0.038309,0.0085121,0.20225,0.14131,0.012657,0.037597,0.012342,0.0032952,0.52481
0.01296,0.0031045,0.11854,0.0077124,0.15455,0.14975,0.0087604,0.026173,0.0065174,0.0023753,0.50955
0.013091,0.003246,0.23032,0.0074555,0.11992,0.15191,0.0063709,0.017509,0.0064043,0.0016939,0.44207
0.013932,0.0042103,0.32298,0.0068211,0.09189,0.16219,0.0044873,0.010471,0.0068151,0.0010193,0.37518
0.011042,0.0076538,0.28367,0.0092491,0.062152,0.27679,0.0037532,0.013418,0.009253,0.00087978,0.32215
0.0071079,0.011762,0.25046,0.010915,0.035494,0.39214,0.0029994,0.015297,0.010638,0.00081636,0.26237
0.0025408,0.01609,0.2219,0.011208,0.014477,0.50289,0.0022732,0.016146,0.01145,0.00084167,0.20018
0.0017291,0.019021,0.17096,0.0074899,0.0085529,0.58404,0.0015667,0.020683,0.01337,0.00096891,0.17162
0.0010724,0.021602,0.11971,0.0044751,0.004152,0.6727,0.00087863,0.022206,0.012627,0.00098484,0.13959
0.00061595,0.023517,0.073362,0.0034081,0.0013031,0.76321,0.00023104,0.022253,0.011391,0.00095151,0.09976
0.0015283,0.020076,0.043858,0.0075359,0.0010312,0.79159,0.00075802,0.026054,0.015315,0.00084672,0.091408
0.001873,0.015141,0.021948,0.010787,0.00081748,0.82227,0.0015285,0.027268,0.018474,0.0010237,0.078867
0.0017153,0.0097802,0.0071884,0.013163,0.00058697,0.85955,0.0022892,0.025159,0.020316,0.0014643,0.058785
0.0012272,0.0066626,0.0031272,0.014038,0.00038635,0.8775,0.0026276,0.018316,0.028365,0.0024084,0.045343
0.00085921,0.0053166,0.002602,0.014239,0.00025436,0.88971,0.0025721,0.011386,0.031848,0.003707,0.03751
0.00057742,0.0040666,0.0018455,0.014349,0.00016032,0.90966,0.00223,0.0065507,0.026942,0.0051873,0.028427
0.00026675,0.0024031,0.00086355,0.014398,8.7442e-05,0.93536,0.001534,0.0038727,0.016132,0.0068175,0.018263
0.00020188,0.0056276,0.00018606,0.011205,0.00016318,0.93331,0.00064332,0.0036855,0.017253,0.0063645,0.021357
0.0002142,0.0088563,9.4231e-05,0.0077745,0.00021599,0.92769,0.00038361,0.0034144,0.020901,0.0052143,0.025241
0.00019752,0.011943,3.6237e-05,0.0052139,0.00022919,0.92589,0.00018634,0.0027126,0.020982,0.003728,0.028877
0.0023903,0.010409,0.00073018,0.013438,0.83019,0.0053832,0.034334,0.035749,0.036939,0.00014645,0.030294
0.0024882,0.011382,0.00076725,0.012083,0.82638,0.0061009,0.035403,0.04099,0.035081,0.00017229,0.029156
0.0026395,0.012798,0.00082411,0.0099884,0.82084,0.007177,0.036987,0.048886,0.032233,0.00021316,0.02741
0.0028753,0.01457,0.0009165,0.007052,0.81381,0.0085866,0.039069,0.059412,0.028407,0.00027325,0.025029
0.0033035,0.016385,0.0011183,0.0032204,0.80569,0.010142,0.041492,0.07231,0.023931,0.00036395,0.022049
0.0038092,0.015334,0.0018532,0.0018407,0.7828,0.012479,0.043885,0.079829,0.023386,0.0017493,0.033032
0.0042854,0.011454,0.0033261,0.0039268,0.73759,0.016251,0.046773,0.07934,0.028174,0.0048863,0.063995
0.0047255,0.0081281,0.0051244,0.0060621,0.68424,0.020871,0.050544,0.078835,0.03303,0.0084382,0.10001
0.0051249,0.0059801,0.0075775,0.0079511,0.62117,0.027173,0.054486,0.078038,0.037614,0.01201,0.14288
0.0060731,0.0091401,0.013503,0.0072604,0.52665,0.047243,0.044763,0.072096,0.040071,0.01031,0.22289
0.0077701,0.011366,0.017884,0.0068292,0.42023,0.069028,0.034442,0.065958,0.042238,0.0082829,0.31598
0.010254,0.011214,0.020841,0.0068185,0.31292,0.091824,0.024542,0.058892,0.040297,0.0061546,0.41624
0.012485,0.0079832,0.025445,0.0075743,0.24361,0.11023,0.017058,0.04643,0.024426,0.0045678,0.50018
0.014696,0.0053314,0.031633,0.008365,0.17214,0.12473,0.011053,0.033615,0.010111,0.0033049,0.58502
0.015747,0.0044853,0.087197,0.0085497,0.12192,0.13488,0.0074809,0.023278,0.004175,0.0024079,0.58989
0.016168,0.0057084,0.17653,0.0079068,0.096565,0.14889,0.0056095,0.016452,0.0049321,0.0016559,0.51958
0.017323,0.0082517,0.24997,0.0069588,0.075558,0.16967,0.0041538,0.011424,0.00581,0.00096689,0.44992
0.014628,0.012274,0.24251,0.0079082,0.051069,0.26194,0.0031864,0.011798,0.0070155,0.00075421,0.38692
0.0094824,0.016646,0.21791,0.0087876,0.028477,0.37623,0.0023561,0.011779,0.0076476,0.00073954,0.31995
0.0031434,0.020592,0.20101,0.0084622,0.011285,0.48876,0.0016732,0.0099308,0.0076075,0.0008321,0.2467
0.0016069,0.023028,0.15599,0.0059466,0.0057882,0.57942,0.00094392,0.012478,0.0077022,0.0008818,0.20622
0.0011417,0.023972,0.10559,0.0052514,0.0031772,0.66588,0.00042223,0.016088,0.0077331,0.00089757,0.16984
0.0009292,0.023983,0.059654,0.0058734,0.0014346,0.74464,0.00017655,0.020262,0.0080472,0.00086205,0.13414
0.0011936,0.020335,0.032846,0.0082006,0.00091175,0.78737,0.00070867,0.021703,0.010709,0.00094615,0.11508
0.0011829,0.015149,0.016938,0.010353,0.00070192,0.82377,0.0014665,0.019915,0.013188,0.001325,0.096015
0.00083015,0.0101,0.0067436,0.011856,0.00046924,0.86533,0.0020956,0.016045,0.014559,0.0019827,0.069991
0.00039253,0.0068907,0.0025488,0.012584,0.0002687,0.89783,0.0023275,0.010594,0.016365,0.0030065,0.047191
0.00016415,0.005976,0.0016628,0.012671,0.00017973,0.9142,0.0019741,0.0056646,0.015049,0.0043654,0.038089
0.00010297,0.004822,0.00064696,0.012224,0.00011719,0.93341,0.0012356,0.0031844,0.01033,0.0063941,0.027528
0.00010077,0.0025991,0.00023615,0.010415,7.4026e-05,0.95036,0.00079126,0.0030369,0.0079778,0.0084484,0.015964
0.00011674,0.0042023,0.0001164,0.0074951,0.00011045,0.94939,0.00053432,0.0029019,0.011017,0.0080796,0.016037
0.00011754,0.0074871,5.4988e-05,0.0049994,0.00014054,0.94507,0.00031411,0.0023286,0.012752,0.0066075,0.020132
0.001429,0.0041537,0.00039224,0.017804,0.84118,0.0022478,0.027739,0.02355,0.04514,0.00010004,0.03626
0.0016196,0.0046182,0.00048495,0.016498,0.83909,0.0026674,0.028316,0.027975,0.043545,0.00013977,0.035044
0.0019084,0.0052583,0.00062603,0.014508,0.83612,0.0032748,0.029129,0.034677,0.041102,0.0002022,0.033193
0.0022962,0.0060007,0.00081533,0.011802,0.83251,0.0040389,0.030104,0.043705,0.037751,0.00029068,0.030682
0.0027726,0.0067377,0.0010453,0.0083755,0.82868,0.0049052,0.03112,0.054976,0.033457,0.0004083,0.027526
0.0033132,0.0073467,0.0012971,0.0042484,0.82515,0.0058039,0.032022,0.06829,0.028193,0.00055778,0.023782
0.0038138,0.0072974,0.0018834,0.00094439,0.81199,0.0074053,0.033415,0.079771,0.024265,0.0014121,0.027806
0.0040961,0.0058989,0.0038823,0.0025056,0.75839,0.011903,0.038009,0.079609,0.028026,0.0048279,0.062855
0.0043741,0.0048923,0.0063117,0.0039724,0.69716,0.016952,0.043924,0.079629,0.03176,0.0086219,0.10241
0.0049326,0.0044423,0.0093146,0.0051546,0.62849,0.022865,0.050983,0.079221,0.035413,0.012541,0.14664
0.0071289,0.0065406,0.012315,0.0054168,0.52483,0.0414,0.040927,0.073101,0.036782,0.010449,0.24111
